[
  {
    "imagePath": "/data/user/0/com.example.app/app_flutter/captures/session_1765548384781/rgb_1765548398609.jpg",
    "depthPath": "/data/user/0/com.example.app/app_flutter/captures/session_1765548384781/depth_1765548398645.bin",
    "relativePose": [
      -0.3075993061065674, -0.8732277750968933, 0.37796294689178467, 0.0,
      0.7665809988975525, 0.00789022445678711, 0.642099142074585, 0.0,
      -0.5636810064315796, 0.48724842071533203, 0.6669727563858032, 0.0,
      -0.19216176867485046, 0.2028914839029312, 0.26531875133514404, 1.0
    ],
    "timestamp": "2025-12-12T19:36:38.653286"
  },
  {
    "imagePath": "/data/user/0/com.example.app/app_flutter/captures/session_1765548384781/rgb_1765548401559.jpg",
    "depthPath": "/data/user/0/com.example.app/app_flutter/captures/session_1765548384781/depth_1765548401587.bin",
    "relativePose": [
      -0.14034020900726318, -0.8530925512313843, 0.5025314092636108, 0.0,
      0.9812982082366943, -0.05230510234832764, 0.18525110185146332, 0.0,
      -0.13175137341022491, 0.5191313028335571, 0.8444786667823792, 0.0,
      -0.01954573392868042, 0.18888787925243378, 0.3326669931411743, 1.0
    ],
    "timestamp": "2025-12-12T19:36:41.589602"
  },
  {
    "imagePath": "/data/user/0/com.example.app/app_flutter/captures/session_1765548384781/rgb_1765548404663.jpg",
    "depthPath": "/data/user/0/com.example.app/app_flutter/captures/session_1765548384781/depth_1765548404696.bin",
    "relativePose": [
      -0.5539568662643433, -0.41131752729415894, 0.7238435745239258, 0.0,
      0.8181843161582947, -0.4297506809234619, 0.38195377588272095, 0.0,
      0.15396800637245178, 0.8038234114646912, 0.5745970010757446, 0.0,
      0.12399810552597046, 0.20874683558940887, 0.22652384638786316, 1.0
    ],
    "timestamp": "2025-12-12T19:36:44.704764"
  },
  {
    "imagePath": "/data/user/0/com.example.app/app_flutter/captures/session_1765548384781/rgb_1765548407732.jpg",
    "depthPath": "/data/user/0/com.example.app/app_flutter/captures/session_1765548384781/depth_1765548407759.bin",
    "relativePose": [
      -0.3068819046020508, -0.5202360153198242, 0.796980619430542, 0.0,
      0.8372023105621338, 0.2507266402244568, 0.4860333502292633, 0.0,
      -0.45267629623413086, 0.8163888454437256, 0.35859930515289307, 0.0,
      -0.20413413643836975, 0.4495982825756073, 0.14849358797073364, 1.0
    ],
    "timestamp": "2025-12-12T19:36:47.779499"
  }
]
