[
  {
    "imagePath": "/data/user/0/com.example.app/app_flutter/captures/session_1768890186291/rgb_1768890213024.jpg",
    "depthPath": "/data/user/0/com.example.app/app_flutter/captures/session_1768890186291/depth_1768890213222.bin",
    "relativePose": [
      0.013727366924285889, -0.8237305879592896, 0.5668153166770935, 0.0,
      0.9929376840591431, -0.05557680130004883, -0.10481494665145874, 0.0,
      0.11784100532531738, 0.5642510652542114, 0.8171500563621521, 0.0,
      0.03212042897939682, 0.16121351718902588, 0.2203686237335205, 1.0
    ],
    "timestamp": "2026-01-20T11:53:33.231926"
  },
  {
    "imagePath": "/data/user/0/com.example.app/app_flutter/captures/session_1768890186291/rgb_1768890215747.jpg",
    "depthPath": "/data/user/0/com.example.app/app_flutter/captures/session_1768890186291/depth_1768890215935.bin",
    "relativePose": [
      -0.7710874080657959, -0.5677679777145386, 0.2882080674171448, 0.0,
      0.4726867377758026, -0.20716750621795654, 0.8565331697463989, 0.0,
      -0.4266048073768616, 0.7966940402984619, 0.428120493888855, 0.0,
      -0.1757531464099884, 0.19071561098098755, 0.11371049284934998, 1.0
    ],
    "timestamp": "2026-01-20T11:53:35.937266"
  },
  {
    "imagePath": "/data/user/0/com.example.app/app_flutter/captures/session_1768890186291/rgb_1768890220517.jpg",
    "depthPath": "/data/user/0/com.example.app/app_flutter/captures/session_1768890186291/depth_1768890220753.bin",
    "relativePose": [
      0.8153738975524902, -0.5719584822654724, -0.08960369229316711, 0.0,
      0.1379341334104538, 0.34224241971969604, -0.929432213306427, 0.0,
      0.5622628927230835, 0.7454753518104553, 0.3579481840133667, 0.0,
      0.18300943076610565, 0.1768491119146347, 0.06962785124778748, 1.0
    ],
    "timestamp": "2026-01-20T11:53:40.756691"
  },
  {
    "imagePath": "/data/user/0/com.example.app/app_flutter/captures/session_1768890186291/rgb_1768890224638.jpg",
    "depthPath": "/data/user/0/com.example.app/app_flutter/captures/session_1768890186291/depth_1768890224771.bin",
    "relativePose": [
      0.9904853701591492, 0.12215254455804825, -0.06338389217853546, 0.0,
      -0.09031587094068527, 0.22946858406066895, -0.969116747379303, 0.0,
      -0.10383546352386475, 0.9656204581260681, 0.2383175492286682, 0.0,
      -0.009670138359069824, 0.2426702082157135, 0.025844290852546692, 1.0
    ],
    "timestamp": "2026-01-20T11:53:44.775117"
  },
  {
    "imagePath": "/data/user/0/com.example.app/app_flutter/captures/session_1768890186291/rgb_1768890228503.jpg",
    "depthPath": "/data/user/0/com.example.app/app_flutter/captures/session_1768890186291/depth_1768890228726.bin",
    "relativePose": [
      0.9999572038650513, -0.0035474300384521484, -0.008545385673642159, 0.0,
      0.001222479622811079, 0.9661387205123901, -0.258020281791687, 0.0,
      0.009171336889266968, 0.2579987645149231, 0.9661017060279846, 0.0,
      -0.00947306863963604, 0.04164432734251022, 0.2288694679737091, 1.0
    ],
    "timestamp": "2026-01-20T11:53:48.735248"
  }
]
